197 614
863 754
523 633
190 886
117 473
745 803
330 691
836 937
692 718
345 434
49 788
619 19
478 970
188 579
195 221
890 300
224 373
664 913
226 489
552 202
582 904
77 813
389 180
539 509
987 964
426 879
683 306
377 220
977 739
735 803
14 287
457 336
217 664
240 114
813 160
10 41
578 559
226 338
505 858
808 34
628 494
810 742
506 456
926 495
265 988
442 420
27 651
770 126
790 903
813 477
419 361
769 878
387 611
127 684
275 62
273 588
740 657
589 116
737 217
522 777
586 541
219 700
368 219
264 12
523 226
54 503
29 637
477 115
94 506
813 79
48 50
760 825
354 206
617 330
151 613
158 919
240 411
449 15
468 562
719 117
608 299
460 165
558 69
544 14
192 376
752 466
373 413
351 970
428 379
444 56
994 801
330 35
376 913
206 761
114 828
786 782
606 306
663 112
951 10
354 346
302 399
681 200
992 577
12 269
589 77
140 519
644 995
81 168
628 583
307 982
634 581
506 718
382 191
3 160
901 813
235 263
378 364
463 110
790 816
570 714
215 293
425 892
821 955
426 288
31 705
446 799
48 386
16 761
700 727
801 173
488 342
460 827
562 887
52 230
555 186
79 350
405 595
265 243
219 999
78 804
725 843
216 667
740 951
750 999
756 945
466 813
791 975
643 727
282 666
762 115
973 866
165 862
637 351
837 729
399 831
715 810
493 384
572 65
25 89
480 261
113 977
835 398
2 179
572 792
580 857
363 983
843 564
723 292
115 513
928 913
458 108
356 648
703 803
281 150
219 155
381 687
221 464
666 13
769 653
774 244
870 976
599 716
641 411
920 567
630 787
396 506
421 489
400 277
893 122
818 126
104 631
478 681
553 297
861 414
986 585
351 835
728 240
281 67
707 57
563 197
527 875
643 216
566 516
718 651
325 66
397 881
124 910
797 783
498 933
567 530
854 784
95 884
479 318
430 448
287 841
384 182
864 906
153 573
730 129
963 501
164 547
950 761
189 543
254 802
791 920
811 329
467 893
580 542
981 144
612 658
191 165
628 208
478 793
781 355
421 42
867 479
689 569
784 966
291 295
206 361
757 793
294 83
948 83
104 691
346 687
225 988
101 273
16 952
720 396
138 230
985 886
706 211
394 653
736 90
551 944
171 80
138 577
892 380
200 136
438 557
515 156
106 636
666 125
475 206
98 253
979 947
737 426
982 794
830 232
743 998
102 3
163 75
987 63
200 57
745 118
823 923
340 221
293 410
487 131
34 350
764 202
701 69
429 191
94 801
755 31
171 7
957 430
178 613
955 755
926 587
975 940
919 449
289 669
701 132
14 586
500 457
969 802
355 43
807 705
143 974
919 393
40 737
398 387
218 213
286 809
612 278
721 608
597 600
97 174
248 821
957 508
142 181
828 141
142 619
466 969
134 177
806 135
541 778
199 518
14 760
21 884
707 388
358 801
209 739
379 590
26 644
624 610
158 559
850 578
705 58
309 753
688 663
460 110
705 731
191 66
817 162
221 848
433 335
563 426
679 628
982 113
926 247
330 56
310 198
225 22
292 480
133 281
336 155
306 616
41 856
444 101
308 49
777 900
796 25
99 98
685 132
487 112
283 964
25 640
151 408
672 798
302 957
950 523
41 444
579 228
940 353
521 170
931 404
350 437
443 278
621 85
257 943
712 196
378 817
814 863
776 603
687 281
365 58
922 462
215 886
331 985
743 683
617 172
618 818
285 264
4 916
68 677
770 341
518 758
371 283
50 573
110 79
947 13
64 816
277 286
197 418
541 704
654 551
724 557
770 478
643 435
639 89
120 407
744 551
412 398
243 164
636 560
289 943
833 934
587 457
735 911
817 806
361 966
867 606
940 360
157 905
938 18
539 969
840 227
883 986
598 769
99 662
486 257
864 751
686 943
122 430
500 61
792 209
732 544
739 179
834 325
521 896
225 328
408 447
943 737
127 417
970 806
778 693
277 311
484 702
45 611
271 248
858 942
945 245
375 143
334 337
659 842
212 151
81 627
837 430
502 293
939 528
275 75
165 882
277 162
697 790
289 862
753 561
314 130
104 350
76 959
503 540
896 565
368 271
566 461
379 715
853 91
570 64
315 270
69 276
574 419
611 749
399 594
285 642
933 350
810 250
551 981
234 248
76 759
211 776
91 7
762 787
828 919
938 716
786 814
663 45
340 681
273 787
518 260
244 736
1 687
462 382
838 577
249 588
202 563
166 307
530 64
155 368
120 338
16 342
356 576
290 594
120 17
132 590
262 312
715 887
276 121
714 389
390 721
2 772
524 841
112 681
442 499
961 675
614 922
922 888
366 340
236 809
254 726
534 511
868 15
123 626
260 247
294 863
457 71
300 756
62 91
869 569
580 623
356 765
557 581
159 742
831 773
923 229
722 817
286 200
890 724
268 431
858 326
433 269
240 98
193 320
991 759
693 25
366 218
650 303
391 120
471 859
582 995
9 201
692 47
605 494
861 301
330 889
232 569
341 469
308 383
903 776
876 986
317 709
607 666
872 632
75 671
771 651
484 41
696 240
238 32
265 702
417 645
64 1
816 758
319 900
565 295
109 244
471 802
437 199
677 421
517 407
260 456
327 65
62 958
957 648
765 751
349 922
995 557
250 860
127 47
627 811
831 509
137 973
822 466
41 970
93 392
290 316
486 153
111 16
969 147
257 314
549 920
166 700
102 361
815 455
317 642
454 359
472 779
302 810
220 911
355 658
404 75
538 574
733 784
155 125
851 74
956 805
530 508
600 100
844 886
568 713
1000 372
102 477
440 213
259 697
569 332
962 496
594 462
487 799
972 424
930 469
627 618
495 705
450 615
160 916
784 943
474 303
603 92
642 45
190 455
121 182
759 609
136 321
567 584
124 452
419 307
85 59
704 877
569 951
568 447
432 818
148 445
133 126
617 240
742 958
593 343
773 715
242 565
628 99
984 775
277 436
63 590
680 347
646 839
862 989
609 152
707 836
578 683
310 670
298 542
485 420
942 880
671 704
715 970
66 585
452 273
252 319
698 246
463 63
926 647
975 241
871 320
655 751
61 22
108 987
774 221
902 352
60 203
456 264
325 933
912 256
403 847
465 743
143 693
267 965
157 884
884 606
584 578
485 895
23 773
814 962
955 121
858 493
118 792
815 494
715 803
234 793
494 572
769 780
718 457
800 858
675 627
369 440
689 166
585 190
471 736
708 968
769 405
693 280
316 672
851 651
672 686
31 750
738 258
750 635
910 679
529 417
773 421
331 314
796 806
221 988
887 283
995 749
298 576
987 836
85 294
824 562
70 930
829 993
924 642
938 514
866 342
280 855
304 342
100 567
216 88
935 846
153 279
661 351
22 547
595 213
113 487
417 488
137 365
390 358
430 457
90 30
410 748
904 885
173 111
805 130
180 332
765 607
926 257
915 407
583 170
950 892
898 810
717 605
18 254
20 663
21 852
230 308
797 791
22 804
205 810
21 306
256 100
377 715
963 937
682 690
12 33
232 900
591 423
96 795
1000 342
587 325
303 678
733 386
813 666
62 765
364 963
507 513
498 30
429 170
204 731
204 828
73 53
172 471
211 640
714 536
320 94
996 571
904 720
926 320
995 754
983 78
994 162
863 929
230 694
345 921
179 159
381 415
448 443
311 683
731 200
922 789
776 783
964 883
692 206
312 219
200 144
44 915
721 336
886 534
110 365
664 188
508 32
720 716
210 339
787 473
215 887
346 126
294 433
704 494
118 497
386 496
195 245
600 802
894 159
85 782
235 519
705 921
581 74
171 938
416 686
304 225
116 210
709 576
713 517
679 45
390 965
875 583
264 929
325 362
927 567
113 754
361 898
6 866
556 615
157 305
556 773
155 707
176 559
838 180
552 439
64 674
165 548
38 259
757 904
103 715
119 840
295 369
168 867
867 673
856 921
563 703
5 322
107 537
676 735
926 615
486 325
5 837
827 359
261 36
76 274
482 534
20 322
742 231
308 922
846 999
914 689
93 849
817 417
349 728
570 122
849 297
809 263
717 840
588 866
719 811
774 580
386 672
116 227
578 28
159 260
655 239
260 528
296 731
401 842
742 536
931 153
993 5
62 225
379 896
400 718
533 273
734 785
34 557
172 833
914 473
867 761
837 789
407 758
319 832
140 25
630 584
958 975
911 184
341 479
871 177
312 840
267 197
568 843
568 897
755 788
132 61
682 569
511 331
671 36
189 941
304 446
141 399
681 188
69 260
61 324
579 338
763 647
859 939
212 130
75 461
587 436
29 946
974 833
219 703
490 54
968 587
360 531
512 960
938 504
576 900
75 990
122 759
156 504
579 834
133 304
390 331
602 919
189 352
990 365
678 364
856 92
455 323
823 415
26 163
530 804
83 284
836 409
189 235
834 833
321 682
495 238
454 811
654 743
7 773
662 417
746 361
394 659
777 1000
923 270
687 262
449 5
492 806
631 668
388 67
263 891
220 598
551 943
528 85
377 182
546 602
75 311
955 699